MT2 <- (100^(1-.85))*(75^.85)
MT1 <- 85
WH <- 170/200


.05 * WH + .3 * ((MT1 + MT2)/200) + .35 * (99+95+95+87+100)/500 + .3*.55 + .03*.7

hw = .15
mt = .3
proj = .15
final = .4

hw*((100+95+100+90+100+86+100)/700) + mt*.82 + proj*.7 + final*.52
